Route with the Best Golden Egg: [EN, P2, P1, P38, P50, P107, P141, S4, EX]
Total Distance: 78
Route from EN to P2
[0,6]
[1,5]
[2,4]
[3,3]

Route from P2 to P1
[3,3]
[2,3]
[3,2]

Route from P1 to P38
[3,2]
[4,1]
[5,2]
[6,3]
[7,4]
[8,5]
[9,6]
[10,7]
[11,8]
[12,9]
[13,10]
[14,11]
[15,12]
[16,13]
[17,14]
[18,15]
[19,16]
[20,17]
[21,18]

Route from P38 to P50
[21,18]
[20,18]
[19,18]
[18,18]
[17,18]
[16,18]
[15,18]
[14,18]

Route from P50 to P107
[14,18]
[15,17]
[15,16]
[16,15]
[17,14]
[18,13]
[19,12]
[20,11]
[21,10]
[22,9]
[23,8]
[24,7]
[25,6]
[26,5]
[27,4]

Route from P107 to P141
[27,4]
[27,5]
[28,6]
[29,7]
[30,8]

Route from P141 to S4
[30,8]
[29,7]
[28,7]
[27,7]
[26,7]
[25,7]
[24,7]
[23,7]
[22,7]
[21,7]
[20,7]
[19,7]
[18,7]
[17,7]
[16,7]
[15,8]
[14,9]
[13,10]
[12,11]
[11,12]
[10,12]
[9,12]
[8,12]
[7,12]
[6,13]
[5,14]

Route from S4 to EX
[5,14]
[4,14]
[3,15]
[2,15]
[1,16]
[0,17]