Route with the Best Golden Egg: [EN, P2, P1, P50, P38, P107, P141, S4, EX]
Total Distance: 83
Route from EN to P2
[0,6]
[1,5]
[2,4]
[3,3]

Route from P2 to P1
[3,3]
[2,3]
[3,2]

Route from P1 to P50
[3,2]
[4,1]
[5,1]
[6,1]
[7,1]
[8,2]
[8,3]
[8,4]
[9,5]
[10,5]
[11,6]
[12,7]
[13,8]
[13,9]
[13,10]
[13,11]
[13,12]
[13,13]
[13,14]
[14,15]
[15,16]
[15,17]
[14,18]

Route from P50 to P38
[14,18]
[15,18]
[16,18]
[17,19]
[18,19]
[19,19]
[20,19]
[21,18]

Route from P38 to P107
[21,18]
[20,17]
[20,16]
[21,15]
[22,15]
[23,14]
[24,13]
[25,12]
[25,11]
[25,10]
[25,9]
[25,8]
[25,7]
[25,6]
[26,5]
[27,4]

Route from P107 to P141
[27,4]
[27,5]
[28,6]
[29,7]
[30,8]

Route from P141 to S4
[30,8]
[29,7]
[28,7]
[27,7]
[26,7]
[25,7]
[24,7]
[23,7]
[22,8]
[21,9]
[20,10]
[19,10]
[18,10]
[17,10]
[16,10]
[15,10]
[14,11]
[13,12]
[12,13]
[11,13]
[10,13]
[9,13]
[8,13]
[7,13]
[6,13]
[5,14]

Route from S4 to EX
[5,14]
[4,14]
[3,14]
[2,15]
[1,16]
[0,17]